---
build/images/logo-large-800x-724eba60.png: 2015-05-25 18:55:32.109555480 +02:00
build/images/cover-portada-large-800x-2bbc4cc9.jpg: 2015-05-25 18:54:57.165554642
  +02:00
build/images/logo-0650331c.png: 2015-05-25 18:55:11.633554989 +02:00
build/images/cover-articulo2-d811c61a.jpg: 2015-05-25 18:55:14.321555053 +02:00
build/images/cover-articulo2-large-800x-6bddbb0a.jpg: 2015-05-25 18:55:14.409555055
  +02:00
build/images/cover-portada-7f7edeb9.jpg: 2015-05-25 18:55:14.713555063 +02:00
