---
build/images/logo-large-800x-724eba60.png: 2015-05-25 23:07:02.317917264 +02:00
build/images/cover-portada-large-800x-2bbc4cc9.jpg: 2015-05-25 23:06:27.445916428
  +02:00
build/images/logo-0650331c.png: 2015-05-25 23:06:41.649916769 +02:00
build/images/cover-articulo2-d811c61a.jpg: 2015-05-25 23:06:44.329916833 +02:00
build/images/cover-malla-antihierbas-large-800x-fa167803.png: 2015-05-25 23:09:14.541920434
  +02:00
build/images/cover-malla-antihierbas-50276f71.png: 2015-05-25 23:10:46.353922635 +02:00
build/images/cover-articulo2-large-800x-6bddbb0a.jpg: 2015-05-25 23:09:42.209921097
  +02:00
build/images/cover-portada-7f7edeb9.jpg: 2015-05-25 23:09:42.501921104 +02:00
