---
build/images/logo-large-800x-724eba60.png: 2015-05-25 20:39:43.565705357 +02:00
build/images/cover-portada-large-800x-2bbc4cc9.jpg: 2015-05-25 20:39:08.641704520
  +02:00
build/images/logo-0650331c.png: 2015-05-25 20:39:22.925704862 +02:00
build/images/cover-articulo2-d811c61a.jpg: 2015-05-25 20:39:25.613704927 +02:00
build/images/cover-articulo2-large-800x-6bddbb0a.jpg: 2015-05-25 20:39:25.705704929
  +02:00
build/images/cover-portada-7f7edeb9.jpg: 2015-05-25 20:39:26.009704936 +02:00
