---
build/images/logo-large-800x-724eba60.png: 2015-05-25 20:57:44.245731266 +02:00
build/images/cover-portada-large-800x-2bbc4cc9.jpg: 2015-05-25 20:57:09.465730432
  +02:00
build/images/logo-0650331c.png: 2015-05-25 20:57:23.809730776 +02:00
build/images/cover-articulo2-d811c61a.jpg: 2015-05-25 20:57:26.489730840 +02:00
build/images/cover-articulo2-large-800x-6bddbb0a.jpg: 2015-05-25 20:57:26.573730842
  +02:00
build/images/cover-portada-7f7edeb9.jpg: 2015-05-25 20:57:26.869730849 +02:00
