---
build/images/logo-large-800x-724eba60.png: 2015-05-25 22:58:06.761904424 +02:00
build/images/cover-portada-large-800x-2bbc4cc9.jpg: 2015-05-25 22:57:31.861903587
  +02:00
build/images/logo-0650331c.png: 2015-05-25 22:57:46.129903930 +02:00
build/images/cover-articulo2-d811c61a.jpg: 2015-05-25 22:57:48.833903994 +02:00
build/images/cover-malla-antihierbas-large-800x-fa167803.png: 2015-05-25 23:00:19.761907613
  +02:00
build/images/cover-malla-antihierbas-50276f71.png: 2015-05-25 23:01:51.329909808 +02:00
build/images/cover-articulo2-large-800x-6bddbb0a.jpg: 2015-05-25 23:00:47.321908274
  +02:00
build/images/cover-portada-7f7edeb9.jpg: 2015-05-25 23:00:47.617908281 +02:00
