---
build/images/logo-large-800x-724eba60.png: 2015-06-02 18:50:17.702119307 +02:00
build/images/cover-malla-antihierbas-dd8298c4.png: 2015-06-02 18:52:50.698122975 +02:00
build/images/cover-malla-antihierbas-large-800x-9da5d1a8.png: 2015-06-02 18:52:07.866121948
  +02:00
build/images/cover-portada-large-800x-2bbc4cc9.jpg: 2015-06-02 18:52:28.422122441
  +02:00
build/images/logo-0650331c.png: 2015-06-02 18:52:42.658122782 +02:00
build/images/cover-articulo2-d811c61a.jpg: 2015-06-02 18:52:45.346122847 +02:00
build/images/cover-articulo2-large-800x-6bddbb0a.jpg: 2015-06-02 18:52:45.454122849
  +02:00
build/images/logoB-e03c8d5c.png: 2015-06-02 18:52:53.350123038 +02:00
build/images/logoB-large-800x-055dc1b5.png: 2015-06-02 18:53:48.238124354 +02:00
build/images/CABECERAS/CONSEJOS-bed4a84e.png: 2015-06-02 18:56:03.458127596 +02:00
build/images/CABECERAS/ARTICULOS-aa8b18c2.png: 2015-06-02 18:57:08.606129158 +02:00
build/images/CABECERAS/OFERTAS-6e6f1352.png: 2015-06-02 18:58:42.826131417 +02:00
build/images/CABECERAS/CONSEJOS-large-800x-e13d6139.png: 2015-06-02 18:58:08.518130594
  +02:00
build/images/CABECERAS/ARTICULOS-large-800x-20b70344.png: 2015-06-02 18:59:06.350131981
  +02:00
build/images/CABECERAS/OFERTAS-large-800x-af9430d5.png: 2015-06-02 18:59:34.146132647
  +02:00
build/images/cover-portada-7f7edeb9.jpg: 2015-06-02 18:59:09.934132067 +02:00
